version https://git-lfs.github.com/spec/v1
oid sha256:4dbe66666b7a1a531b170baa805a3263c7c9fcbc861c205a157d8a45343ee4a7
size 1921998
